#! FIELDS time rgyr alfa.lessthan ab.lessthan pb.lessthan sasar bias.bias bias.sasar_bias
 0.000000 1.480262 39.170957 22.999286 6.518387 -1050.003723 -1050.003723 -1050.003723
 0.000000 1.480262 39.170957 22.999286 6.518387 -1050.003723 -1050.003723 -1050.003723
 2.000000 1.522133 37.424947 21.599948 5.876816 -1169.402042 -1169.402042 -1169.402042
 4.000000 1.552841 35.031666 21.348600 5.565444 -1217.595101 -1217.595101 -1217.595101
 6.000000 1.541558 36.560899 21.606498 5.740827 -1209.743473 -1209.743473 -1209.743473
 8.000000 1.550640 37.042690 21.909697 5.962029 -1224.012224 -1224.012224 -1224.012224
 10.000000 1.571526 36.697448 21.325392 5.590030 -1239.343359 -1239.343359 -1239.343359
 12.000000 1.543192 38.768496 21.822366 5.698283 -1203.425480 -1203.425480 -1203.425480
 14.000000 1.545745 38.586346 21.418812 5.486450 -1204.517918 -1204.517918 -1204.517918
 16.000000 1.544742 37.519768 20.888026 5.268185 -1216.748691 -1216.748691 -1216.748691
 18.000000 1.559083 36.794130 20.789070 5.560366 -1238.446715 -1238.446715 -1238.446715
 20.000000 1.540743 35.903409 21.495216 5.680314 -1202.828764 -1202.828764 -1202.828764
 22.000000 1.542283 36.392913 22.064019 5.684394 -1210.475553 -1210.475553 -1210.475553
 24.000000 1.544909 36.820794 21.369785 5.798794 -1207.050059 -1207.050059 -1207.050059
 26.000000 1.537788 36.984636 21.540081 5.679716 -1191.689173 -1191.689173 -1191.689173
 28.000000 1.545104 38.636728 21.154740 5.636183 -1201.624700 -1201.624700 -1201.624700
 30.000000 1.561980 38.987113 21.356024 5.677565 -1199.845164 -1199.845164 -1199.845164
 32.000000 1.557022 37.798854 21.339912 6.032827 -1193.467797 -1193.467797 -1193.467797
 34.000000 1.562309 39.160321 21.589888 5.619174 -1210.967573 -1210.967573 -1210.967573
 36.000000 1.557917 39.945727 21.432287 5.626709 -1194.939759 -1194.939759 -1194.939759
 38.000000 1.558837 39.294274 21.320671 5.503795 -1214.397770 -1214.397770 -1214.397770
 40.000000 1.541949 38.799008 21.587560 5.503615 -1189.724584 -1189.724584 -1189.724584
 42.000000 1.550585 38.648525 21.421500 5.645434 -1199.040593 -1199.040593 -1199.040593
 44.000000 1.564058 38.066434 20.628313 5.147408 -1217.774572 -1217.774572 -1217.774572
 46.000000 1.549256 38.762404 21.023446 5.521708 -1194.878493 -1194.878493 -1194.878493
 48.000000 1.546176 38.118908 21.253213 5.681067 -1202.109561 -1202.109561 -1202.109561
 50.000000 1.565495 38.693233 20.624961 5.337303 -1205.880813 -1205.880813 -1205.880813
 52.000000 1.568149 39.022957 20.781768 5.597971 -1201.915222 -1201.915222 -1201.915222
 54.000000 1.566466 37.058430 20.859814 5.642338 -1215.885112 -1215.885112 -1215.885112
 56.000000 1.555327 38.255380 20.924760 5.478364 -1210.309384 -1210.309384 -1210.309384
 58.000000 1.555762 38.099436 21.222344 5.324885 -1229.835725 -1229.835725 -1229.835725
 60.000000 1.552349 37.065784 21.300039 5.586162 -1200.684770 -1200.684770 -1200.684770
 62.000000 1.562245 36.283987 21.267466 5.627259 -1234.537300 -1234.537300 -1234.537300
 64.000000 1.576527 35.262006 20.942451 5.455364 -1230.361866 -1230.361866 -1230.361866
 66.000000 1.564754 37.117828 20.599399 5.358925 -1232.692732 -1232.692732 -1232.692732
 68.000000 1.569117 38.079962 21.656078 5.636469 -1249.946313 -1249.946313 -1249.946313
 70.000000 1.564408 36.795366 21.210462 5.668541 -1228.324550 -1228.324550 -1228.324550
 72.000000 1.565289 36.381711 21.062640 5.301655 -1245.919088 -1245.919088 -1245.919088
 74.000000 1.552825 38.038621 21.179612 5.495404 -1217.831773 -1217.831773 -1217.831773
 76.000000 1.562312 38.811608 21.188335 5.691221 -1239.151078 -1239.151078 -1239.151078
 78.000000 1.563077 36.890114 21.701550 5.710553 -1242.520459 -1242.520459 -1242.520459
 80.000000 1.557059 36.057488 21.736567 5.734052 -1245.133078 -1245.133078 -1245.133078
 82.000000 1.570107 36.631222 21.400588 5.537296 -1251.579001 -1251.579001 -1251.579001
 84.000000 1.554092 37.608899 21.340965 5.701713 -1236.161950 -1236.161950 -1236.161950
 86.000000 1.562003 37.038340 21.533440 5.289793 -1241.799099 -1241.799099 -1241.799099
 88.000000 1.547985 38.647108 21.113970 5.775172 -1219.924147 -1219.924147 -1219.924147
 90.000000 1.541332 39.227960 21.646455 5.878733 -1197.946185 -1197.946185 -1197.946185
 92.000000 1.550386 37.953093 22.051844 5.724007 -1227.077898 -1227.077898 -1227.077898
 94.000000 1.555160 36.973497 21.615535 5.638839 -1238.944911 -1238.944911 -1238.944911
 96.000000 1.554775 37.215949 21.425219 5.720093 -1216.716950 -1216.716950 -1216.716950
 98.000000 1.565034 37.171829 21.901855 5.596158 -1227.784825 -1227.784825 -1227.784825
 100.000000 1.558014 39.133111 22.199710 5.849849 -1221.682839 -1221.682839 -1221.682839
 102.000000 1.578869 35.829173 20.796512 5.387908 -1251.451959 -1251.451959 -1251.451959
 104.000000 1.564542 36.968240 21.379743 5.824786 -1230.123885 -1230.123885 -1230.123885
 106.000000 1.562342 38.730121 20.894436 5.673115 -1233.461470 -1233.461470 -1233.461470
 108.000000 1.556884 39.266858 21.065918 5.686165 -1216.263377 -1216.263377 -1216.263377
 110.000000 1.562566 38.493625 20.878544 5.575237 -1235.219845 -1235.219845 -1235.219845
 112.000000 1.558053 39.623084 20.834049 5.460537 -1241.883818 -1241.883818 -1241.883818
 114.000000 1.545189 38.986030 21.278950 5.358071 -1223.343804 -1223.343804 -1223.343804
 116.000000 1.557378 39.541590 21.001558 5.583270 -1233.673421 -1233.673421 -1233.673421
 118.000000 1.557516 38.618832 21.633032 5.392080 -1228.063485 -1228.063485 -1228.063485
 120.000000 1.569746 38.613146 21.791694 5.845534 -1229.445416 -1229.445416 -1229.445416
 122.000000 1.581629 39.273415 20.898078 5.301735 -1263.444120 -1263.444120 -1263.444120
 124.000000 1.582221 37.752494 21.450502 5.258502 -1249.052818 -1249.052818 -1249.052818
 126.000000 1.576473 38.188785 20.982914 5.392101 -1246.319090 -1246.319090 -1246.319090
 128.000000 1.572856 38.247184 21.500316 5.476012 -1248.129247 -1248.129247 -1248.129247
 130.000000 1.571027 38.437944 20.698395 5.394027 -1259.573579 -1259.573579 -1259.573579
 132.000000 1.578879 38.080814 20.960541 5.346106 -1259.602662 -1259.602662 -1259.602662
 134.000000 1.569058 38.891404 21.017340 5.611510 -1224.693310 -1224.693310 -1224.693310
 136.000000 1.564717 39.493893 21.229226 5.550163 -1231.773875 -1231.773875 -1231.773875
 138.000000 1.562113 39.479191 21.319793 5.252098 -1234.405071 -1234.405071 -1234.405071
 140.000000 1.568153 38.511390 21.342605 5.414360 -1238.695269 -1238.695269 -1238.695269
 142.000000 1.576044 38.670889 20.954095 5.293107 -1242.890716 -1242.890716 -1242.890716
 144.000000 1.583270 39.028019 20.886953 5.376540 -1250.921142 -1250.921142 -1250.921142
 146.000000 1.580446 38.334015 21.393362 5.178413 -1246.720769 -1246.720769 -1246.720769
 148.000000 1.582411 38.001179 20.956186 5.315813 -1249.181878 -1249.181878 -1249.181878
 150.000000 1.586662 38.973154 21.076181 5.578571 -1242.541049 -1242.541049 -1242.541049
 152.000000 1.586229 38.175833 21.058691 5.244831 -1233.923676 -1233.923676 -1233.923676
 154.000000 1.582764 38.657719 21.441339 5.715922 -1228.233661 -1228.233661 -1228.233661
 156.000000 1.585076 38.013071 21.130754 5.669288 -1237.201127 -1237.201127 -1237.201127
 158.000000 1.596823 37.063260 21.073960 5.299289 -1244.314054 -1244.314054 -1244.314054
 160.000000 1.603765 36.983521 21.110511 5.544160 -1260.678389 -1260.678389 -1260.678389
 162.000000 1.608370 34.454871 20.758032 5.348831 -1265.982562 -1265.982562 -1265.982562
 164.000000 1.594214 35.515604 21.592471 5.360015 -1259.541315 -1259.541315 -1259.541315
 166.000000 1.595197 33.277276 20.822968 5.522162 -1281.635436 -1281.635436 -1281.635436
 168.000000 1.581101 36.298218 21.479721 5.619903 -1233.067258 -1233.067258 -1233.067258
 170.000000 1.578809 36.573809 20.881256 5.765052 -1218.672832 -1218.672832 -1218.672832
 172.000000 1.579144 35.253466 21.092636 5.787529 -1225.832402 -1225.832402 -1225.832402
 174.000000 1.594742 35.048710 20.816424 5.405945 -1244.804759 -1244.804759 -1244.804759
 176.000000 1.601290 35.193270 20.638396 5.008181 -1254.396654 -1254.396654 -1254.396654
 178.000000 1.580402 36.247213 20.862374 5.541694 -1246.114950 -1246.114950 -1246.114950
 180.000000 1.588915 37.063828 20.783182 5.380573 -1256.675327 -1256.675327 -1256.675327
 182.000000 1.593625 36.140400 21.420120 5.575321 -1239.442920 -1239.442920 -1239.442920
 184.000000 1.590361 34.624935 21.089783 5.996853 -1232.949596 -1232.949596 -1232.949596
 186.000000 1.597142 34.559552 21.421874 5.568936 -1249.816034 -1249.816034 -1249.816034
 188.000000 1.567897 34.894120 21.203884 5.756894 -1224.283579 -1224.283579 -1224.283579
 190.000000 1.569798 33.710608 20.839451 5.666981 -1237.483932 -1237.483932 -1237.483932
 192.000000 1.583637 32.184689 21.011754 5.866052 -1261.532028 -1261.532028 -1261.532028
 194.000000 1.594159 34.289624 21.286360 5.679535 -1247.838326 -1247.838326 -1247.838326
 196.000000 1.605239 34.661829 21.226002 5.499891 -1269.519711 -1269.519711 -1269.519711
 198.000000 1.613461 34.752495 20.788089 5.252857 -1269.696826 -1269.696826 -1269.696826
 200.000000 1.595932 36.025071 20.855302 5.881991 -1256.439036 -1256.439036 -1256.439036
 202.000000 1.581955 35.434132 20.664519 5.659204 -1246.853599 -1246.853599 -1246.853599
 204.000000 1.581325 34.174439 21.250236 6.038903 -1256.876010 -1256.876010 -1256.876010
 206.000000 1.587995 33.611265 21.317072 5.578003 -1260.566355 -1260.566355 -1260.566355
 208.000000 1.589070 35.242191 20.868713 5.270385 -1270.793519 -1270.793519 -1270.793519
 210.000000 1.578929 34.323498 21.372472 5.370949 -1281.354792 -1281.354792 -1281.354792
 212.000000 1.582069 34.767769 20.868288 5.529940 -1254.726560 -1254.726560 -1254.726560
 214.000000 1.579466 36.992848 20.557639 5.384134 -1239.789142 -1239.789142 -1239.789142
 216.000000 1.587022 37.199012 21.209522 5.526560 -1247.588809 -1247.588809 -1247.588809
 218.000000 1.611031 36.257167 20.935653 5.499782 -1283.907172 -1283.907172 -1283.907172
 220.000000 1.593062 35.580956 21.061269 5.605649 -1273.187289 -1273.187289 -1273.187289
 222.000000 1.587399 35.814468 21.338631 5.658606 -1265.366806 -1265.366806 -1265.366806
 224.000000 1.574786 35.813406 21.296916 5.903565 -1241.701805 -1241.701805 -1241.701805
 226.000000 1.574629 36.084404 20.991993 5.497146 -1248.385735 -1248.385735 -1248.385735
 228.000000 1.571457 37.172449 20.959928 5.402269 -1243.694739 -1243.694739 -1243.694739
 230.000000 1.567545 35.909853 21.249848 5.549173 -1239.124274 -1239.124274 -1239.124274
 232.000000 1.580271 35.562726 20.766512 5.464073 -1256.911466 -1256.911466 -1256.911466
 234.000000 1.588979 35.077918 20.660633 5.421272 -1261.521129 -1261.521129 -1261.521129
 236.000000 1.578812 34.827177 21.084475 5.579047 -1257.313514 -1257.313514 -1257.313514
 238.000000 1.567618 34.980558 21.473459 5.646920 -1252.784984 -1252.784984 -1252.784984
 240.000000 1.578875 32.979652 20.896367 5.590994 -1246.866151 -1246.866151 -1246.866151
 242.000000 1.599664 32.961352 20.519935 5.325672 -1295.875049 -1295.875049 -1295.875049
 244.000000 1.579839 34.340095 21.343846 5.311304 -1259.612842 -1259.612842 -1259.612842
 246.000000 1.587391 33.472578 20.879266 5.369458 -1289.336981 -1289.336981 -1289.336981
 248.000000 1.576872 34.112278 21.030413 5.626399 -1243.387824 -1243.387824 -1243.387824
 250.000000 1.569508 35.346441 21.076675 5.404326 -1255.402908 -1255.402908 -1255.402908
 252.000000 1.562505 34.403314 21.118698 5.903440 -1241.400436 -1241.400436 -1241.400436
 254.000000 1.562547 36.820319 21.650616 5.749635 -1230.691358 -1230.691358 -1230.691358
 256.000000 1.563448 35.852953 21.390372 5.326200 -1239.701407 -1239.701407 -1239.701407
 258.000000 1.553580 37.593672 20.799536 5.687924 -1228.970245 -1228.970245 -1228.970245
 260.000000 1.574816 35.968142 21.104044 5.619123 -1247.330884 -1247.330884 -1247.330884
 262.000000 1.562098 34.078447 21.575112 6.014443 -1245.356687 -1245.356687 -1245.356687
 264.000000 1.572171 33.831500 20.940519 5.482169 -1247.610380 -1247.610380 -1247.610380
 266.000000 1.572591 36.271161 20.853294 5.240624 -1244.508868 -1244.508868 -1244.508868
 268.000000 1.560287 35.930536 21.115339 5.643075 -1229.806366 -1229.806366 -1229.806366
 270.000000 1.561103 33.839603 21.415897 5.535614 -1225.961607 -1225.961607 -1225.961607
 272.000000 1.563488 33.919204 21.427982 5.601711 -1237.876127 -1237.876127 -1237.876127
 274.000000 1.571532 34.099104 21.321604 5.507603 -1261.178256 -1261.178256 -1261.178256
 276.000000 1.573811 34.372742 21.531413 5.620255 -1255.582728 -1255.582728 -1255.582728
 278.000000 1.588389 35.824773 21.559198 5.467375 -1268.716007 -1268.716007 -1268.716007
 280.000000 1.596101 33.593240 21.037541 5.740381 -1263.310102 -1263.310102 -1263.310102
 282.000000 1.595718 36.556351 21.147397 5.265853 -1262.287895 -1262.287895 -1262.287895
 284.000000 1.594241 35.738372 20.698267 5.465155 -1282.485633 -1282.485633 -1282.485633
 286.000000 1.591241 37.296086 21.611702 5.826216 -1257.043656 -1257.043656 -1257.043656
 288.000000 1.601453 36.641104 20.760012 5.537128 -1282.497992 -1282.497992 -1282.497992
 290.000000 1.591339 35.234421 20.628184 5.497582 -1280.984348 -1280.984348 -1280.984348
 292.000000 1.580195 37.637231 20.803876 5.430271 -1248.560396 -1248.560396 -1248.560396
 294.000000 1.572185 37.260439 20.946986 5.290676 -1271.826572 -1271.826572 -1271.826572
 296.000000 1.596791 33.493305 20.507777 5.012553 -1301.539367 -1301.539367 -1301.539367
 298.000000 1.594849 34.964041 20.972212 5.646310 -1283.600824 -1283.600824 -1283.600824
 300.000000 1.584555 35.958973 20.642573 5.544724 -1266.796334 -1266.796334 -1266.796334
 302.000000 1.600225 35.459616 20.316976 5.168594 -1292.291133 -1292.291133 -1292.291133
 304.000000 1.583630 37.196414 20.821035 5.156389 -1266.598307 -1266.598307 -1266.598307
 306.000000 1.592092 36.052023 20.931451 5.489658 -1256.708522 -1256.708522 -1256.708522
 308.000000 1.594909 35.505401 21.051768 5.517948 -1267.822421 -1267.822421 -1267.822421
 310.000000 1.588419 37.679496 20.836376 5.238849 -1261.991523 -1261.991523 -1261.991523
 312.000000 1.594383 35.391515 20.776931 5.719782 -1266.523311 -1266.523311 -1266.523311
 314.000000 1.593733 35.368744 21.084099 5.304847 -1267.936611 -1267.936611 -1267.936611
 316.000000 1.587984 35.024007 20.796188 5.452408 -1263.692642 -1263.692642 -1263.692642
 318.000000 1.593338 35.148962 20.684909 5.397267 -1279.902067 -1279.902067 -1279.902067
 320.000000 1.583335 37.458360 20.799414 5.563644 -1247.809961 -1247.809961 -1247.809961
 322.000000 1.580413 36.588590 20.511136 5.749387 -1247.634382 -1247.634382 -1247.634382
 324.000000 1.590532 37.456854 20.524745 5.637549 -1259.280501 -1259.280501 -1259.280501
 326.000000 1.595406 35.964356 20.863263 5.164565 -1261.362561 -1261.362561 -1261.362561
 328.000000 1.594434 36.929525 20.731710 5.467711 -1258.311974 -1258.311974 -1258.311974
 330.000000 1.600462 35.180798 21.227732 5.661147 -1261.028245 -1261.028245 -1261.028245
 332.000000 1.603467 37.100146 20.489946 5.849985 -1265.570391 -1265.570391 -1265.570391
 334.000000 1.595105 36.696591 20.550672 5.600589 -1276.195425 -1276.195425 -1276.195425
 336.000000 1.597765 34.995261 20.376884 5.715546 -1269.033063 -1269.033063 -1269.033063
 338.000000 1.611989 34.112889 20.455818 5.570755 -1274.936873 -1274.936873 -1274.936873
 340.000000 1.624609 33.570286 20.628909 5.990849 -1286.489256 -1286.489256 -1286.489256
 342.000000 1.639074 36.192401 20.555940 5.477588 -1295.147532 -1295.147532 -1295.147532
 344.000000 1.618043 37.412418 20.205003 5.339243 -1262.991374 -1262.991374 -1262.991374
 346.000000 1.611327 36.046286 21.020411 5.426157 -1271.294792 -1271.294792 -1271.294792
 348.000000 1.611846 35.224221 21.114808 5.521426 -1266.111723 -1266.111723 -1266.111723
 350.000000 1.621092 36.343135 20.700755 5.670626 -1275.214650 -1275.214650 -1275.214650
 352.000000 1.628176 36.450311 20.863945 5.823511 -1246.860371 -1246.860371 -1246.860371
 354.000000 1.643455 34.612990 20.623512 5.335671 -1288.573972 -1288.573972 -1288.573972
 356.000000 1.638228 35.375441 20.477610 5.506999 -1293.089171 -1293.089171 -1293.089171
 358.000000 1.621422 34.314470 20.879923 5.546495 -1259.670270 -1259.670270 -1259.670270
 360.000000 1.607592 35.499963 20.413752 5.672122 -1274.342489 -1274.342489 -1274.342489
 362.000000 1.599504 36.746848 20.437297 5.457747 -1265.143073 -1265.143073 -1265.143073
 364.000000 1.603363 36.420836 20.997491 5.346941 -1255.545581 -1255.545581 -1255.545581
 366.000000 1.601249 37.433751 21.258118 5.762476 -1258.461290 -1258.461290 -1258.461290
 368.000000 1.597264 34.187839 20.791840 5.580981 -1266.417016 -1266.417016 -1266.417016
 370.000000 1.592910 36.031698 20.865629 5.650071 -1274.660166 -1274.660166 -1274.660166
 372.000000 1.564645 35.205002 21.344335 5.696084 -1235.393567 -1235.393567 -1235.393567
 374.000000 1.585546 35.187042 20.749148 5.538160 -1260.434652 -1260.434652 -1260.434652
 376.000000 1.591693 37.028971 20.741150 5.499526 -1244.950495 -1244.950495 -1244.950495
 378.000000 1.604135 35.878266 20.450097 5.430952 -1261.474927 -1261.474927 -1261.474927
 380.000000 1.589619 36.041389 20.465210 5.690874 -1249.009445 -1249.009445 -1249.009445
 382.000000 1.587792 34.970159 20.954085 5.622367 -1252.235398 -1252.235398 -1252.235398
 384.000000 1.592566 32.451984 20.840587 5.647173 -1260.560226 -1260.560226 -1260.560226
 386.000000 1.602329 35.818184 20.750905 5.332244 -1276.466696 -1276.466696 -1276.466696
 388.000000 1.602678 34.488393 20.360742 5.470325 -1256.984622 -1256.984622 -1256.984622
 390.000000 1.593770 35.032317 20.636239 5.294409 -1268.953985 -1268.953985 -1268.953985
 392.000000 1.603626 35.456484 20.405287 5.514880 -1272.726066 -1272.726066 -1272.726066
 394.000000 1.606497 37.402581 20.419622 5.465071 -1257.999784 -1257.999784 -1257.999784
 396.000000 1.608952 36.552820 20.312073 5.348329 -1288.244376 -1288.244376 -1288.244376
 398.000000 1.604341 36.300557 20.326668 5.435127 -1263.671058 -1263.671058 -1263.671058
 400.000000 1.610038 37.622552 20.477306 5.532310 -1262.179219 -1262.179219 -1262.179219
 402.000000 1.608907 36.511651 21.100537 5.719614 -1254.410000 -1254.410000 -1254.410000
 404.000000 1.604048 34.504274 20.620588 5.676809 -1251.986020 -1251.986020 -1251.986020
 406.000000 1.616023 34.976163 20.386079 5.315041 -1256.486022 -1256.486022 -1256.486022
 408.000000 1.602526 35.582170 20.816429 5.451611 -1255.629494 -1255.629494 -1255.629494
 410.000000 1.599956 36.632279 20.366274 5.362561 -1240.219563 -1240.219563 -1240.219563
 412.000000 1.621348 31.815839 20.317822 5.241137 -1289.573328 -1289.573328 -1289.573328
 414.000000 1.620656 35.596820 19.840356 5.511866 -1273.808191 -1273.808191 -1273.808191
 416.000000 1.623336 34.568835 20.950642 5.286375 -1284.431926 -1284.431926 -1284.431926
 418.000000 1.639035 35.888060 20.202087 5.246723 -1283.730497 -1283.730497 -1283.730497
 420.000000 1.636925 36.011023 20.616027 5.590605 -1270.594884 -1270.594884 -1270.594884
 422.000000 1.646590 34.930980 20.933399 5.402361 -1300.232931 -1300.232931 -1300.232931
 424.000000 1.628519 32.629218 20.945367 5.808628 -1277.885962 -1277.885962 -1277.885962
 426.000000 1.634783 34.274727 20.236259 5.130269 -1286.396379 -1286.396379 -1286.396379
 428.000000 1.618508 32.374358 20.501446 5.373386 -1304.192779 -1304.192779 -1304.192779
 430.000000 1.627212 34.614392 20.834087 5.367478 -1303.158927 -1303.158927 -1303.158927
 432.000000 1.639071 34.114566 20.938848 5.513595 -1297.337197 -1297.337197 -1297.337197
 434.000000 1.647948 34.399502 20.877364 5.518421 -1312.159482 -1312.159482 -1312.159482
 436.000000 1.651001 33.915122 20.481390 5.594027 -1293.430560 -1293.430560 -1293.430560
 438.000000 1.651881 35.063342 20.140527 5.699376 -1286.572990 -1286.572990 -1286.572990
 440.000000 1.646274 36.391867 20.291667 5.737471 -1292.756235 -1292.756235 -1292.756235
 442.000000 1.658993 34.436943 20.514355 5.581955 -1293.514917 -1293.514917 -1293.514917
 444.000000 1.672434 36.804044 20.684742 5.684374 -1303.392654 -1303.392654 -1303.392654
 446.000000 1.692434 36.710409 20.440875 5.340761 -1313.912374 -1313.912374 -1313.912374
 448.000000 1.683299 34.195966 20.765287 5.595673 -1318.219449 -1318.219449 -1318.219449
 450.000000 1.666804 31.308075 20.732830 5.623112 -1297.626458 -1297.626458 -1297.626458
 452.000000 1.663930 36.281603 20.506767 5.618970 -1276.752959 -1276.752959 -1276.752959
 454.000000 1.659101 37.473721 20.996507 5.566449 -1269.604296 -1269.604296 -1269.604296
 456.000000 1.651160 36.515198 20.974725 5.645358 -1281.513424 -1281.513424 -1281.513424
 458.000000 1.638765 36.151347 20.801349 5.701800 -1284.699801 -1284.699801 -1284.699801
 460.000000 1.642324 34.505546 20.638615 5.602381 -1292.920659 -1292.920659 -1292.920659
 462.000000 1.653568 37.258045 20.604496 5.308970 -1297.171887 -1297.171887 -1297.171887
 464.000000 1.644017 37.177708 20.479969 5.378535 -1289.468588 -1289.468588 -1289.468588
 466.000000 1.648670 38.695926 20.652001 5.409867 -1279.977231 -1279.977231 -1279.977231
 468.000000 1.639075 38.261249 20.458518 5.504742 -1289.221791 -1289.221791 -1289.221791
 470.000000 1.650424 35.004782 20.100995 5.394745 -1299.223491 -1299.223491 -1299.223491
 472.000000 1.639092 37.918378 20.213554 5.874262 -1268.912345 -1268.912345 -1268.912345
 474.000000 1.632300 35.131992 20.000778 5.308164 -1292.971842 -1292.971842 -1292.971842
 476.000000 1.623080 35.341770 20.461336 5.452540 -1274.996112 -1274.996112 -1274.996112
 478.000000 1.629067 35.975235 20.286334 5.795799 -1272.234330 -1272.234330 -1272.234330
 480.000000 1.617441 35.474735 20.849566 5.899552 -1251.336296 -1251.336296 -1251.336296
 482.000000 1.615233 36.988915 20.599508 5.711674 -1258.833796 -1258.833796 -1258.833796
 484.000000 1.621444 36.717046 20.304248 5.940502 -1262.877923 -1262.877923 -1262.877923
 486.000000 1.617977 35.862810 20.211601 5.722234 -1274.448968 -1274.448968 -1274.448968
 488.000000 1.623699 35.367112 20.076019 5.701629 -1273.948439 -1273.948439 -1273.948439
 490.000000 1.619992 37.090910 20.350653 6.020541 -1279.881588 -1279.881588 -1279.881588
 492.000000 1.618364 36.024476 20.395709 5.969948 -1267.640460 -1267.640460 -1267.640460
 494.000000 1.630623 34.589600 20.220384 5.894570 -1278.299135 -1278.299135 -1278.299135
 496.000000 1.653197 36.927434 19.455794 5.662930 -1283.514024 -1283.514024 -1283.514024
 498.000000 1.662171 36.319712 19.686090 5.843341 -1275.292711 -1275.292711 -1275.292711
 500.000000 1.652672 37.557844 20.183253 5.927218 -1261.820038 -1261.820038 -1261.820038
 502.000000 1.665189 34.510757 20.500194 5.985740 -1270.524265 -1270.524265 -1270.524265
 504.000000 1.669233 37.053191 20.560490 6.052300 -1277.305942 -1277.305942 -1277.305942
 506.000000 1.653680 35.986562 20.467420 6.265884 -1255.926948 -1255.926948 -1255.926948
 508.000000 1.666661 34.813329 20.195959 6.129431 -1288.811944 -1288.811944 -1288.811944
 510.000000 1.671279 36.308499 20.267139 5.906011 -1276.138206 -1276.138206 -1276.138206
 512.000000 1.656905 37.617681 20.175853 6.108798 -1267.621754 -1267.621754 -1267.621754
 514.000000 1.663830 36.581385 20.533846 5.924162 -1275.378062 -1275.378062 -1275.378062
 516.000000 1.671962 36.375097 20.174561 5.720894 -1255.131287 -1255.131287 -1255.131287
 518.000000 1.664265 34.198863 19.562594 5.525321 -1281.806342 -1281.806342 -1281.806342
 520.000000 1.676420 34.688216 20.236448 5.561403 -1289.659779 -1289.659779 -1289.659779
 522.000000 1.680015 34.490796 20.313928 5.276874 -1287.984018 -1287.984018 -1287.984018
 524.000000 1.675337 37.408651 20.016104 5.503826 -1291.718712 -1291.718712 -1291.718712
 526.000000 1.674793 35.318051 19.879819 5.538928 -1272.214865 -1272.214865 -1272.214865
 528.000000 1.656891 34.794544 19.862232 5.641416 -1271.500543 -1271.500543 -1271.500543
 530.000000 1.654494 35.107148 20.364258 5.806868 -1282.879662 -1282.879662 -1282.879662
 532.000000 1.679878 36.436048 20.361846 5.377956 -1294.069407 -1294.069407 -1294.069407
 534.000000 1.685191 36.174428 20.114044 5.595421 -1287.749675 -1287.749675 -1287.749675
 536.000000 1.685294 37.577376 20.014814 5.467749 -1294.346189 -1294.346189 -1294.346189
 538.000000 1.703814 36.692611 20.072424 5.352354 -1295.702170 -1295.702170 -1295.702170
 540.000000 1.711704 36.425011 19.944141 5.214769 -1290.581711 -1290.581711 -1290.581711
 542.000000 1.710561 36.298206 20.057773 5.630960 -1289.887467 -1289.887467 -1289.887467
 544.000000 1.712702 35.449352 20.116492 5.612386 -1312.276576 -1312.276576 -1312.276576
 546.000000 1.703898 36.279979 19.970903 5.499051 -1286.635982 -1286.635982 -1286.635982
 548.000000 1.693514 35.964096 20.738092 5.708582 -1295.226109 -1295.226109 -1295.226109
 550.000000 1.685003 36.811322 20.508773 5.766077 -1272.746977 -1272.746977 -1272.746977
 552.000000 1.707912 35.477949 20.090383 5.232739 -1295.770203 -1295.770203 -1295.770203
 554.000000 1.729747 36.284741 20.044291 5.426458 -1286.966873 -1286.966873 -1286.966873
 556.000000 1.734012 37.675844 20.359778 5.296750 -1287.744856 -1287.744856 -1287.744856
 558.000000 1.747941 36.258769 19.989887 5.706558 -1298.780448 -1298.780448 -1298.780448
 560.000000 1.748571 35.896525 20.466237 5.651320 -1281.646847 -1281.646847 -1281.646847
 562.000000 1.757574 33.899553 20.160739 5.269124 -1301.978441 -1301.978441 -1301.978441
 564.000000 1.751408 35.034917 20.112576 5.284390 -1290.426266 -1290.426266 -1290.426266
 566.000000 1.734530 37.095839 20.835206 5.529393 -1280.006771 -1280.006771 -1280.006771
 568.000000 1.767328 35.101262 20.277839 5.463316 -1303.860367 -1303.860367 -1303.860367
 570.000000 1.767576 37.706943 19.614570 5.679609 -1303.450464 -1303.450464 -1303.450464
 572.000000 1.772189 35.689331 19.306986 5.256531 -1305.336979 -1305.336979 -1305.336979
 574.000000 1.753847 35.812512 19.443623 5.144711 -1301.563448 -1301.563448 -1301.563448
 576.000000 1.739685 34.188321 20.200200 5.466196 -1304.096838 -1304.096838 -1304.096838
 578.000000 1.729247 35.276846 20.178164 5.480577 -1298.090316 -1298.090316 -1298.090316
 580.000000 1.734566 34.734377 19.798645 5.284130 -1300.676033 -1300.676033 -1300.676033
 582.000000 1.728726 36.410172 20.156959 5.521567 -1321.268177 -1321.268177 -1321.268177
 584.000000 1.742955 36.015357 20.042025 5.307897 -1309.847264 -1309.847264 -1309.847264
 586.000000 1.753530 35.629278 19.814871 5.476857 -1285.043703 -1285.043703 -1285.043703
 588.000000 1.761675 34.893190 19.739484 5.688208 -1310.165239 -1310.165239 -1310.165239
 590.000000 1.761996 33.576596 19.792898 5.372764 -1319.852769 -1319.852769 -1319.852769
 592.000000 1.754541 33.761185 19.804802 5.310551 -1331.411977 -1331.411977 -1331.411977
 594.000000 1.732597 34.767636 19.792064 4.943270 -1318.123671 -1318.123671 -1318.123671
 596.000000 1.733794 34.039164 20.267949 5.324209 -1305.062141 -1305.062141 -1305.062141
 598.000000 1.717905 34.122427 20.169157 5.291518 -1305.752324 -1305.752324 -1305.752324
 600.000000 1.724337 35.924078 20.325929 5.030256 -1308.175664 -1308.175664 -1308.175664
 602.000000 1.746898 35.574181 20.178389 5.156145 -1312.267077 -1312.267077 -1312.267077
 604.000000 1.751097 35.232989 19.905615 5.532236 -1315.350064 -1315.350064 -1315.350064
 606.000000 1.746659 36.823143 20.485774 5.595058 -1281.330797 -1281.330797 -1281.330797
 608.000000 1.757329 35.563934 19.819936 5.245043 -1299.688838 -1299.688838 -1299.688838
 610.000000 1.783489 32.049452 20.151397 5.401031 -1316.454683 -1316.454683 -1316.454683
 612.000000 1.768693 35.729846 20.280455 5.566384 -1290.632009 -1290.632009 -1290.632009
 614.000000 1.777569 35.602960 19.572105 5.630521 -1282.710895 -1282.710895 -1282.710895
 616.000000 1.781417 32.405191 20.531083 5.462849 -1295.850382 -1295.850382 -1295.850382
 618.000000 1.780113 33.222609 19.834773 5.640582 -1294.901801 -1294.901801 -1294.901801
 620.000000 1.778819 32.262322 20.289498 5.281143 -1295.416236 -1295.416236 -1295.416236
 622.000000 1.778096 33.693023 19.870312 5.088885 -1318.682857 -1318.682857 -1318.682857
 624.000000 1.785491 29.839315 19.838356 5.595632 -1316.556736 -1316.556736 -1316.556736
 626.000000 1.784860 31.746917 19.792400 5.623116 -1301.716783 -1301.716783 -1301.716783
 628.000000 1.773463 31.988518 19.937040 5.519199 -1298.349440 -1298.349440 -1298.349440
 630.000000 1.757106 32.953564 20.068515 5.540976 -1282.824979 -1282.824979 -1282.824979
 632.000000 1.754060 32.362293 20.308901 5.514622 -1270.232890 -1270.232890 -1270.232890
 634.000000 1.766343 33.185665 19.971667 5.328289 -1295.900241 -1295.900241 -1295.900241
 636.000000 1.783625 33.913784 19.602823 5.136329 -1314.125311 -1314.125311 -1314.125311
 638.000000 1.811074 33.328421 19.832890 5.384819 -1314.537142 -1314.537142 -1314.537142
 640.000000 1.812083 31.254428 20.197503 5.144046 -1299.081202 -1299.081202 -1299.081202
 642.000000 1.813839 32.706892 20.517556 5.401717 -1314.304013 -1314.304013 -1314.304013
 644.000000 1.797353 35.597344 20.476605 5.191390 -1299.933538 -1299.933538 -1299.933538
 646.000000 1.807102 34.292321 20.284243 5.653380 -1298.208759 -1298.208759 -1298.208759
 648.000000 1.814866 36.533021 20.563260 5.336414 -1287.052237 -1287.052237 -1287.052237
 650.000000 1.812084 36.928349 20.021890 5.162155 -1296.145766 -1296.145766 -1296.145766
 652.000000 1.820070 35.843385 19.566637 5.028518 -1309.462255 -1309.462255 -1309.462255
 654.000000 1.795323 35.019055 20.707276 5.644153 -1289.810166 -1289.810166 -1289.810166
 656.000000 1.794346 34.071717 20.200575 5.407588 -1309.741010 -1309.741010 -1309.741010
 658.000000 1.794600 34.829483 20.643977 5.348007 -1282.326739 -1282.326739 -1282.326739
 660.000000 1.772955 33.944999 20.235277 5.084899 -1299.290216 -1299.290216 -1299.290216
 662.000000 1.759239 35.649548 20.558703 5.527071 -1280.436849 -1280.436849 -1280.436849
 664.000000 1.771264 36.104255 20.108745 5.622759 -1291.839341 -1291.839341 -1291.839341
 666.000000 1.770873 34.948582 20.620775 5.415566 -1288.753198 -1288.753198 -1288.753198
 668.000000 1.782508 36.235561 20.477920 5.434167 -1288.732168 -1288.732168 -1288.732168
 670.000000 1.783745 32.847316 20.786364 5.480763 -1288.935795 -1288.935795 -1288.935795
 672.000000 1.784521 33.501394 20.810866 5.417219 -1301.514238 -1301.514238 -1301.514238
 674.000000 1.800976 34.209348 20.599355 5.546725 -1302.461726 -1302.461726 -1302.461726
 676.000000 1.801366 35.114193 20.658425 5.539616 -1279.938142 -1279.938142 -1279.938142
 678.000000 1.778211 34.600535 20.948487 5.569937 -1251.431698 -1251.431698 -1251.431698
 680.000000 1.781577 33.752994 20.344450 5.183060 -1306.879538 -1306.879538 -1306.879538
 682.000000 1.782221 34.240948 20.773250 5.469005 -1306.055502 -1306.055502 -1306.055502
 684.000000 1.787527 33.683771 20.604051 5.813950 -1294.891490 -1294.891490 -1294.891490
 686.000000 1.811471 34.044932 20.770121 5.586978 -1283.648799 -1283.648799 -1283.648799
 688.000000 1.823143 34.012414 20.055557 5.658641 -1308.462980 -1308.462980 -1308.462980
 690.000000 1.802070 34.722709 20.602914 5.549084 -1280.444391 -1280.444391 -1280.444391
 692.000000 1.803321 34.815236 20.567591 5.479473 -1294.013238 -1294.013238 -1294.013238
 694.000000 1.808256 32.537154 20.386055 5.379023 -1293.677230 -1293.677230 -1293.677230
 696.000000 1.812179 32.171132 20.546821 5.658996 -1293.606386 -1293.606386 -1293.606386
 698.000000 1.798999 36.965845 20.419072 5.144044 -1275.202201 -1275.202201 -1275.202201
 700.000000 1.790891 35.942183 21.306236 5.556756 -1268.580899 -1268.580899 -1268.580899
 702.000000 1.783791 36.942379 20.168252 5.372655 -1274.913420 -1274.913420 -1274.913420
 704.000000 1.776140 36.373414 20.944984 5.203445 -1277.802371 -1277.802371 -1277.802371
 706.000000 1.774332 34.122156 20.723322 5.384791 -1291.830672 -1291.830672 -1291.830672
 708.000000 1.770334 34.572536 20.440629 5.494691 -1282.904172 -1282.904172 -1282.904172
 710.000000 1.765634 36.510179 20.075394 5.478157 -1291.457743 -1291.457743 -1291.457743
 712.000000 1.771122 31.535503 20.067189 5.624126 -1297.992930 -1297.992930 -1297.992930
 714.000000 1.774934 34.791259 19.802995 5.371718 -1285.991440 -1285.991440 -1285.991440
 716.000000 1.783316 35.400656 19.893336 5.313719 -1299.974151 -1299.974151 -1299.974151
 718.000000 1.786928 35.829602 19.299914 5.178090 -1299.956016 -1299.956016 -1299.956016
 720.000000 1.821142 34.730792 19.039567 5.340193 -1321.613501 -1321.613501 -1321.613501
 722.000000 1.822920 35.662897 19.389967 5.111172 -1292.552562 -1292.552562 -1292.552562
 724.000000 1.832577 37.125014 19.404219 5.232135 -1299.566771 -1299.566771 -1299.566771
 726.000000 1.855684 37.601246 19.500998 5.091401 -1300.882828 -1300.882828 -1300.882828
 728.000000 1.890795 35.304655 19.836910 5.043712 -1331.259207 -1331.259207 -1331.259207
 730.000000 1.906508 35.255672 18.770259 4.869774 -1332.293081 -1332.293081 -1332.293081
 732.000000 1.912645 36.026466 19.381762 5.073924 -1288.483843 -1288.483843 -1288.483843
 734.000000 1.907415 36.269489 19.765718 5.303544 -1263.583453 -1263.583453 -1263.583453
 736.000000 1.901607 34.204652 19.847983 5.185341 -1320.375343 -1320.375343 -1320.375343
 738.000000 1.908326 33.104079 19.907764 5.163983 -1321.709224 -1321.709224 -1321.709224
 740.000000 1.909535 34.216243 20.291740 5.328201 -1302.385343 -1302.385343 -1302.385343
 742.000000 1.918190 34.064753 19.813994 5.196349 -1311.761983 -1311.761983 -1311.761983
 744.000000 1.926341 33.423574 19.545445 5.212168 -1306.198888 -1306.198888 -1306.198888
 746.000000 1.918798 34.886527 19.591464 5.601970 -1285.933498 -1285.933498 -1285.933498
 748.000000 1.930667 34.406054 19.528600 4.944771 -1318.962442 -1318.962442 -1318.962442
 750.000000 1.925825 37.482599 18.876819 4.837758 -1317.610530 -1317.610530 -1317.610530
 752.000000 1.922528 34.188959 19.977126 4.958867 -1325.486347 -1325.486347 -1325.486347
 754.000000 1.902226 34.815220 20.105998 5.053267 -1304.374294 -1304.374294 -1304.374294
 756.000000 1.910212 36.608526 20.089373 5.132857 -1328.115834 -1328.115834 -1328.115834
 758.000000 1.916614 34.674233 20.527371 5.804940 -1292.145203 -1292.145203 -1292.145203
 760.000000 1.938816 36.312966 19.946771 5.429665 -1300.982561 -1300.982561 -1300.982561
 762.000000 1.959348 36.386869 20.814704 5.628462 -1279.526702 -1279.526702 -1279.526702
 764.000000 1.965076 34.470929 20.224166 5.639626 -1285.461195 -1285.461195 -1285.461195
 766.000000 1.945418 36.181975 19.789413 5.274330 -1303.107863 -1303.107863 -1303.107863
 768.000000 1.931034 35.137524 19.787613 5.330805 -1305.040607 -1305.040607 -1305.040607
 770.000000 1.925266 35.372903 19.761256 5.128166 -1319.683750 -1319.683750 -1319.683750
 772.000000 1.924433 35.873933 19.968551 5.239341 -1290.839308 -1290.839308 -1290.839308
 774.000000 1.911372 36.259631 20.398274 5.411692 -1302.765996 -1302.765996 -1302.765996
 776.000000 1.892347 34.897787 19.998612 5.511733 -1295.657099 -1295.657099 -1295.657099
 778.000000 1.895513 34.476913 19.959716 5.612044 -1285.859346 -1285.859346 -1285.859346
 780.000000 1.903964 36.355105 20.481075 5.263032 -1306.359226 -1306.359226 -1306.359226
 782.000000 1.898596 34.592196 20.190781 5.399902 -1310.178570 -1310.178570 -1310.178570
 784.000000 1.903469 33.106378 19.974573 5.382973 -1317.270601 -1317.270601 -1317.270601
 786.000000 1.900447 34.120940 20.505871 5.483365 -1299.680865 -1299.680865 -1299.680865
 788.000000 1.905416 36.278998 19.339834 5.215343 -1296.116420 -1296.116420 -1296.116420
 790.000000 1.893056 36.602115 19.659672 5.672012 -1285.611974 -1285.611974 -1285.611974
 792.000000 1.888704 34.308191 20.284389 5.379380 -1290.463591 -1290.463591 -1290.463591
 794.000000 1.871628 34.724219 20.072164 5.253206 -1302.085436 -1302.085436 -1302.085436
 796.000000 1.875481 31.890858 19.475910 5.557286 -1309.563636 -1309.563636 -1309.563636
 798.000000 1.874925 36.303615 19.567729 5.258346 -1309.842306 -1309.842306 -1309.842306
 800.000000 1.860322 35.507082 20.178962 5.417756 -1296.050533 -1296.050533 -1296.050533
 802.000000 1.858510 36.310350 19.710831 5.429601 -1289.404453 -1289.404453 -1289.404453
 804.000000 1.880244 36.691083 19.873679 5.188706 -1308.951313 -1308.951313 -1308.951313
 806.000000 1.884119 36.031908 19.657716 5.405303 -1306.964721 -1306.964721 -1306.964721
 808.000000 1.915391 35.155890 19.581748 5.133711 -1316.495507 -1316.495507 -1316.495507
 810.000000 1.891019 34.831176 20.141258 5.495020 -1305.055879 -1305.055879 -1305.055879
 812.000000 1.896420 30.154542 19.807120 5.647637 -1316.975794 -1316.975794 -1316.975794
 814.000000 1.880303 32.997041 20.490314 5.356451 -1283.077298 -1283.077298 -1283.077298
 816.000000 1.885152 33.373452 20.351558 5.577574 -1304.235096 -1304.235096 -1304.235096
 818.000000 1.896869 33.967689 19.998081 5.162366 -1312.772084 -1312.772084 -1312.772084
 820.000000 1.869583 35.617098 20.391232 5.281241 -1274.696562 -1274.696562 -1274.696562
 822.000000 1.873176 33.034502 20.052029 5.560430 -1294.198371 -1294.198371 -1294.198371
 824.000000 1.856038 35.832948 19.860537 5.334084 -1295.221029 -1295.221029 -1295.221029
 826.000000 1.860153 34.379142 20.008072 5.307985 -1315.979653 -1315.979653 -1315.979653
 828.000000 1.848434 33.849191 20.247773 5.685936 -1312.236942 -1312.236942 -1312.236942
 830.000000 1.860475 34.688133 19.116445 5.281217 -1340.810505 -1340.810505 -1340.810505
 832.000000 1.876897 33.359565 19.799419 5.256656 -1324.651960 -1324.651960 -1324.651960
 834.000000 1.884190 34.876769 19.436964 5.383647 -1321.332892 -1321.332892 -1321.332892
 836.000000 1.882440 34.384227 20.233351 5.774083 -1306.280048 -1306.280048 -1306.280048
 838.000000 1.892177 33.547866 20.626798 5.320411 -1299.830517 -1299.830517 -1299.830517
 840.000000 1.905762 32.488577 19.788098 5.590262 -1302.323218 -1302.323218 -1302.323218
 842.000000 1.912509 33.471528 19.791644 5.234044 -1305.112421 -1305.112421 -1305.112421
 844.000000 1.904033 37.763454 20.357573 5.444711 -1302.850685 -1302.850685 -1302.850685
 846.000000 1.887447 38.164221 20.255121 5.570508 -1290.691547 -1290.691547 -1290.691547
 848.000000 1.884641 35.362031 20.180214 5.952671 -1285.349758 -1285.349758 -1285.349758
 850.000000 1.899640 33.752042 19.202799 5.760699 -1309.476829 -1309.476829 -1309.476829
 852.000000 1.885724 35.632176 20.073249 5.498618 -1329.920931 -1329.920931 -1329.920931
 854.000000 1.850562 37.760854 20.292710 5.578262 -1300.211412 -1300.211412 -1300.211412
 856.000000 1.842457 36.214402 20.597650 5.767313 -1312.896295 -1312.896295 -1312.896295
 858.000000 1.811653 34.922619 21.008831 5.712545 -1283.229275 -1283.229275 -1283.229275
 860.000000 1.812279 34.163285 20.768944 5.715162 -1295.896084 -1295.896084 -1295.896084
 862.000000 1.818914 34.837643 20.837283 5.751744 -1307.425441 -1307.425441 -1307.425441
 864.000000 1.829647 35.577135 21.000295 5.551239 -1290.335632 -1290.335632 -1290.335632
 866.000000 1.818561 34.063860 21.291773 5.874870 -1296.795330 -1296.795330 -1296.795330
 868.000000 1.849869 33.462646 20.787552 5.442025 -1314.653096 -1314.653096 -1314.653096
 870.000000 1.840935 31.473108 20.484179 5.583208 -1286.801454 -1286.801454 -1286.801454
 872.000000 1.841415 34.125357 20.489217 5.441761 -1305.850347 -1305.850347 -1305.850347
 874.000000 1.839077 33.399264 21.270217 5.558051 -1292.307326 -1292.307326 -1292.307326
 876.000000 1.866476 31.715334 19.939857 5.284146 -1331.543626 -1331.543626 -1331.543626
 878.000000 1.869358 32.631086 19.646689 5.354820 -1302.377338 -1302.377338 -1302.377338
 880.000000 1.844997 33.574770 20.333138 5.493595 -1299.063291 -1299.063291 -1299.063291
 882.000000 1.846451 31.973384 20.537408 5.466066 -1311.252421 -1311.252421 -1311.252421
 884.000000 1.837736 30.661568 21.037821 5.582746 -1309.103039 -1309.103039 -1309.103039
 886.000000 1.830562 35.347671 19.942972 5.478494 -1309.371466 -1309.371466 -1309.371466
 888.000000 1.800149 36.049027 20.974926 5.844481 -1273.124561 -1273.124561 -1273.124561
 890.000000 1.832194 35.948326 20.139906 5.414794 -1301.969617 -1301.969617 -1301.969617
 892.000000 1.840906 36.223660 20.065402 5.444906 -1290.106779 -1290.106779 -1290.106779
 894.000000 1.850873 34.872653 19.798625 5.526584 -1284.859660 -1284.859660 -1284.859660
 896.000000 1.848219 33.253300 20.188373 5.747967 -1281.472184 -1281.472184 -1281.472184
 898.000000 1.853616 35.850808 20.307783 5.508436 -1288.426815 -1288.426815 -1288.426815
 900.000000 1.855281 32.122447 20.666807 5.904821 -1276.605814 -1276.605814 -1276.605814
 902.000000 1.856679 30.699437 20.021619 5.733525 -1261.577602 -1261.577602 -1261.577602
 904.000000 1.871578 29.850537 20.533947 5.709285 -1293.401569 -1293.401569 -1293.401569
 906.000000 1.869262 31.221515 20.167117 5.675156 -1299.405043 -1299.405043 -1299.405043
 908.000000 1.862059 34.085181 20.001745 5.662774 -1302.570025 -1302.570025 -1302.570025
 910.000000 1.859216 32.105602 19.939666 5.618333 -1293.947055 -1293.947055 -1293.947055
 912.000000 1.867610 32.546441 19.576789 5.370403 -1311.522393 -1311.522393 -1311.522393
 914.000000 1.900681 28.636132 19.599362 5.254668 -1330.206749 -1330.206749 -1330.206749
 916.000000 1.897047 31.285382 20.034432 5.354315 -1322.782190 -1322.782190 -1322.782190
 918.000000 1.869141 30.679279 19.495639 5.633077 -1303.639430 -1303.639430 -1303.639430
 920.000000 1.871698 31.164795 20.061999 5.442084 -1312.429738 -1312.429738 -1312.429738
 922.000000 1.882992 31.621826 20.109783 5.439026 -1321.178703 -1321.178703 -1321.178703
 924.000000 1.876102 29.174389 20.038231 5.766490 -1310.074256 -1310.074256 -1310.074256
 926.000000 1.857829 33.487740 20.779556 5.706058 -1304.125034 -1304.125034 -1304.125034
 928.000000 1.849405 30.822287 20.435736 5.630842 -1311.163534 -1311.163534 -1311.163534
 930.000000 1.855769 32.661940 20.946889 5.522610 -1316.265059 -1316.265059 -1316.265059
 932.000000 1.882083 32.529385 20.587241 5.770546 -1307.052560 -1307.052560 -1307.052560
 934.000000 1.896325 31.164030 20.573748 5.609026 -1282.636366 -1282.636366 -1282.636366
 936.000000 1.915207 33.290888 19.703614 5.234767 -1306.050510 -1306.050510 -1306.050510
 938.000000 1.915667 32.109807 20.849311 5.564847 -1296.132773 -1296.132773 -1296.132773
 940.000000 1.916602 29.789419 19.873980 5.565685 -1297.177610 -1297.177610 -1297.177610
 942.000000 1.940199 28.831702 19.572840 5.072906 -1323.054617 -1323.054617 -1323.054617
 944.000000 1.930134 31.625921 19.881231 5.276545 -1291.484675 -1291.484675 -1291.484675
 946.000000 1.960698 29.000379 19.364825 4.800975 -1329.437783 -1329.437783 -1329.437783
 948.000000 1.954293 30.649256 19.520076 5.186844 -1318.408684 -1318.408684 -1318.408684
 950.000000 1.962251 28.380389 20.370387 5.198820 -1321.035011 -1321.035011 -1321.035011
 952.000000 1.947514 30.883309 20.212131 5.519227 -1301.031190 -1301.031190 -1301.031190
 954.000000 1.944905 31.470222 20.761214 5.732632 -1317.728294 -1317.728294 -1317.728294
 956.000000 1.954217 33.214710 20.324679 5.292673 -1317.596000 -1317.596000 -1317.596000
 958.000000 1.954036 34.161708 20.300127 5.450834 -1292.832554 -1292.832554 -1292.832554
 960.000000 1.960878 34.683257 19.676283 5.357247 -1297.019903 -1297.019903 -1297.019903
 962.000000 1.946288 35.314983 19.979366 5.319646 -1316.813563 -1316.813563 -1316.813563
 964.000000 1.933534 32.401063 20.141674 5.412006 -1311.250999 -1311.250999 -1311.250999
 966.000000 1.929840 31.258046 19.766731 5.309690 -1306.609298 -1306.609298 -1306.609298
 968.000000 1.958574 31.650649 19.790404 5.219956 -1302.455126 -1302.455126 -1302.455126
 970.000000 1.975848 32.442191 19.883306 5.330476 -1321.889726 -1321.889726 -1321.889726
 972.000000 1.998634 34.196051 20.172583 5.451593 -1310.322453 -1310.322453 -1310.322453
 974.000000 1.989654 30.341954 20.039576 5.173223 -1326.256986 -1326.256986 -1326.256986
 976.000000 1.980461 33.907523 20.127987 5.277215 -1311.685145 -1311.685145 -1311.685145
 978.000000 1.971172 34.912927 20.485856 5.290873 -1308.091620 -1308.091620 -1308.091620
 980.000000 1.997583 34.086728 20.486554 5.809113 -1278.389729 -1278.389729 -1278.389729
 982.000000 2.035314 31.636541 20.319019 5.372274 -1306.646638 -1306.646638 -1306.646638
 984.000000 2.024121 30.466967 20.357462 5.530478 -1279.067395 -1279.067395 -1279.067395
 986.000000 2.018271 29.393762 20.397090 5.764982 -1295.057155 -1295.057155 -1295.057155
 988.000000 2.013497 31.715358 20.447499 5.763894 -1279.286529 -1279.286529 -1279.286529
 990.000000 2.026928 33.355373 20.340365 5.847726 -1297.983219 -1297.983219 -1297.983219
 992.000000 2.031562 33.175434 20.570320 5.677750 -1321.934755 -1321.934755 -1321.934755
 994.000000 2.030379 35.852258 20.394405 5.628293 -1312.127605 -1312.127605 -1312.127605
 996.000000 2.027046 36.059172 20.467702 5.429814 -1304.191612 -1304.191612 -1304.191612
 998.000000 2.024833 36.209609 20.372491 5.545827 -1303.194322 -1303.194322 -1303.194322
